00070758000104
00083255000165
00086217000166
00104314000134
00109088000184
00112286000105
00123352000134
00155285000130
00171758000192
00220982000127
00237882000103
00252950000103
00258588000188
00271033000176
00277957000180
00333653000192
00346063000102
00355810000160
00358369000170
00360436000191
00369175000170
00373732000127
00380314000167
00388026000159
00397329000138
00419012000155
00465453000193
00472014000108
00488491000161
00504474000170
00515309000114
00520100000149
00520407000140
00532933000120
00579279000100
00594052000133
00617371000117
00637771000194
00643351000110
00647631000105
00661154000124
00689426000102
00695931000151
00723010000155
00736489000164
00834919000180
00837258000147
00843538000168
00850290000162
00940956000173
00976715000184
00983025000152
01021615000167
01036010000140
01036065000150
01049975000177
01069607000190
01087128000105
01100485000158
01101822000121
01175283000175
01177188000100
01182909000170
01186449000159
01236495000115
01246666000197
01261611000156
01306311000146
01318063000153
01329199000169
01330719000153
01332445000131
01348447000119
01383958000171
01406163000131
01429360000176
01445446000192
01461077000121
01482461000100
01505417000179
01536522000175
01559964000137
01581295000108
01582266000152
01594760000137
01595146000190
01606558000188
01606913000119
01612286000129
01631129000160
01679164000150
01690948000189
01692429000150
01697278000122
01698611000118
01698697000189
01732976000111
01742264000183
01746618000168
01770039000150
01788153000108
01788487000181
01797798000107
01804133000183
01809465000150
01853337000104
01853513000108
01869091000169
01870515000105
01874166000108
01888911000160
01889918000104
01896198000104
01933356000140
01934499000177
01937282000110
01958103000121
01961489000120
02010797000133
02058168000183
02081165000160
02081375000159
02086698000135
02106825000110
02118596000154
02132086000131
02144031000141
02170211000106
02177886000179
02179255000199
02185710000169
02200169000110
02228046000198
02229465000144
02239710000102
02261639000156
02269506000126
02350664000106
02358130000126
02368533000156
02371723000122
02373708000113
02392220000133
02405128000160
02417167000188
02434661000150
02436311000123
02476929000117
02529496000110
02542072000196
02556290000180
02564312000153
02570017000100
02576887000196
02593533000150
02630730000100
02662076000108
02666200000103
02668170000174
02683502000190
02686031000173
02704049000150
02708439000107
02720635000199
02720684000121
02779641000111
02788345000187
02794665000140
02795703000189
02797437000123
02824930000195
02826200000123
02834641000177
02839478000135
02888995000102
02897852000159
02963891000107
02986347000180
02987949000152
02988157000100
02990334000185
02991305000138
02993253000139
02998698000101
02999484000150
03008733000160
03023494000118
03024502000140
03052113000129
03084612000106
03086095000104
03100705000179
03109166000139
03119115000198
03121425000147
03142670000130
03193374000169
03224323000157
03283176000196
03287229000147
03295170000139
03302714000142
03317232000166
03323948000176
03337199000136
03349135000155
03412246000169
03412788000131
03412967000179
03451434000104
03514083000125
03522692000126
03527478000162
03560872000100
03583053000170
03585558000174
03587113000123
03595542000142
03597441000100
03613051000187
03663979000176
03685582000185
03702600000190
03726150000175
03731991000170
03753031000101
03763872000108
03766739000105
03784281000109
03784801000183
03808775000186
03809754000185
03828656000195
03935003000105
03952762000186
03962890000100
03973885000101
03979688000191
04035482000176
04054032000120
04104058000136
04144661000141
04163207000138
04163867000119
04167283000111
04239719000130
04245447000181
04255646000170
04274123000171
04292623000136
04297050000133
04343176000105
04349542000125
04360272000153
04363474000159
04391475000107
04394568000195
04394952000198
04397672000133
04452774000104
04465764000103
04505983000179
04508563000146
04511015000175
04521481000131
04531177000175
04531396000154
04539605000106
04539917000110
04548473000189
04563933000148
04564551000139
04565557000120
04566993000114
04586197000143
04589920000148
04606472000143
04642474000198
04648253000127
04667102000116
04680673000190
04684648000185
04714047000178
04716397000173
04731186000100
04737778000139
04767809000102
04768215000108
04782336000104
04784244000163
04793977000164
04800830000154
04830310000194
04853691000127
04857382000125
04857501000140
04857522000165
04858393000120
04865422000180
04873032000152
04878892000189
04901071000116
04904169000127
04968375000109
05017653000105
05031486000149
05054608000112
05057520000154
05113116000150
05116594000114
05120486000115
05150612000184
05152054000196
05203472000165
05211039000171
05220925000161
05236514000164
05243219000135
05262669000175
05274880000108
05277982000187
05280463000178
05287118000166
05291138000100
05296980000135
05318243000196
05321225000163
05326105000159
05331043000173
05333676000110
05356542000115
05371648000198
05390159000183
05397578000147
05402273000186
05423509000160
05451415000103
05458826000112
05460642000197
05472650000153
05485316000134
05514442000170
05514642000122
05516134000183
05563137000178
05588901000160
05607354000112
05613063000137
05631250000143
05632896000145
05637253000194
05656538000172
05663658000105
05663774000116
05663987000148
05704686000115
05735101000124
05738495000174
05740315000199
05742759000163
05750464000139
05753661000101
05759847000178
05764853000113
05770430000106
05777671000187
05779524000146
05789943000169
05800827000101
05801987000167
05802420000105
05813369000137
05815486000130
05817211000135
05823255000178
05855744000101
05858770000193
05877133000164
05882542000159
05884041000101
05928428000112
05928889000195
05967861000167
05971622000180
05983833000133
05984530000135
06014934000169
06018086000166
06044723000179
06050708000133
06051751000113
06072844000124
06080517000114
06089278000163
06096958000104
06110389000104
06110907000190
06113354000129
06117018000154
06121699000124
06125803000159
06127601000146
06136424000164
06153750000180
06162340000103
06163086000150
06163768000162
06174253000168
06176295000138
06206371000100
06208170000142
06218975000177
06235978000119
06239929000154
06256585000191
06266745000183
06271457000117
06283997000110
06302719000163
06331179000146
06331316000142
06345582000124
06375114000100
06696266000105
06875269000106
06881328000140
06882084000110
06896094000105
06915216000163
06922024000184
06923632000103
06928398000107
06941912000144
06952298000116
06965272000102
07001116000194
07012764000146
07021089000111
07021224000129
07021542000190
07021674000111
07038527000154
07095914000122
07098285000194
07116255000163
07125828000115
07148130000115
07153887000105
07165879000170
07167223000197
07170317000115
07171938000113
07182823000124
07183441000115
07185552000160
07191225000111
07196336000110
07200211000117
07210713000129
07214909000191
07215150000161
07233032000186
07234375000165
07242370000184
07249149000158
07265658000174
07278778000106
07281336000119
07288931000186
07298212000146
07302162000123
07322382000119
07335009000100
07336754000166
07360635000149
07362408000152
07370713000196
07389397000102
07402256000174
07420213000111
07437620000131
07445624000161
07455954000138
07456251000124
07477202000178
07477365000150
07480779000139
07483891000123
07487113000102
07488569000197
07492318000186
07496266000116
07502976000101
07516986000104
07524654000163
07526472000121
07530833000103
07546067000175
07603493000101
07629230000163
07637336000109
07642891000129
07650945000106
07651373000171
07654824000124
07666665000188
07703034000191
07725421000129
07734631000183
07734903000145
07748597000104
07751359000140
07762153000115
07767905000130
07778507000110
07786133000184
07806609000100
07814559000102
07816786000169
07825034000164
07871744000120
07881382000159
07887801000160
07902057000125
07903089000145
07908062000145
07913774000152
07914667000149
07925835000100
07931704000127
07940134000131
07946868000128
07947117000126
07950673000151
07955783000106
07957923000185
07964977000178
07987481000110
07989691000147
08003234000102
08014048000160
08018636000172
08043971000120
08055468000195
08058583000113
08059035000108
08063967000124
08075353000162
08079951000100
08081625000137
08083985000178
08084024000188
08084468000113
08086939000122
08089698000175
08093678000178
08093815000174
08097028000109
08100439000106
08169102000147
08186115000124
08239735000184
08247525000138
08295231000181
08295407000103
08323274000123
08329465000100
08337269000170
08345581000105
08348762000195
08363469000105
08380843000172
08387585000156
08397696000143
08428808000186
08459035000103
08467017000165
08495847000104
08517608000108
08540630000160
08561693000101
08562590000158
08570957000185
08582770000100
08593421000185
08600073000126
08602191000173
08603980000129
08627480000127
08655160000180
08679513000182
08686013000178
08686165000170
08696648000156
08698058000162
08704585000132
08713272000140
08713369000153
08721489000100
08736047000120
08758017000114
08795147000127
08797580000100
08808668000171
08811684000113
08818364000195
08824692000102
08836119000100
08851960000177
08852357000100
08852961000136
08862940000100
08882806000162
08904437000161
08906599000139
08912215000190
08913484000171
08933713000110
08943509000180
08950017000111
08961232000118
08968249000105
08970472000189
08979717000139
08985934000131
08988502000184
08997800000130
09021840000105
09035893000185
09042444000164
09050484000158
09057132000124
09070318000113
09083658000189
09089439000107
09115969000182
09119337000197
09122272000139
09152896000107
09174355000171
09207276000110
09244022000171
09246508000149
09255461000180
09270812000121
09282065000141
09310534000199
09315165000127
09327175000182
09334121000144
09335136000127
09336515000131
09344865000140
09347948000192
09351729000187
09354227000100
09363301000154
09390825000134
09400182000162
09406013000130
09406039000188
09412374000199
09413905000168
09417061000123
09421179000125
09428601000174
09428712000180
09431201000118
09431991000131
09432794000137
09434617000190
09439831000139
09444106000159
09453717000163
09467312000184
09469624000127
09485232000151
09491038000189
09499059000140
09505908000121
09513799000194
09517989000180
09533749000179
09540933000146
09544920000145
09545491000120
09554774000139
09558504000104
09559282000136
09562955000107
09568701000104
09575600000152
09585291000100
09592280000149
09597286000109
09627273000135
09632029000160
10174601000174
10209417000112
10239363000138
10277681000193
10290099000167
10291445000121
10297969000120
10299136000106
10303777000189
10310512000108
10347693000147
10382771000144
10393998000195
10399876000106
10412207000127
10427469000165
10444117000118
10449051000159
10450628000142
10470390000117
10479653000159
10480607000170
10480682000130
10481272000104
10491979000100
10493142000191
10511496000111
10515389000161
10528664000181
10538204000134
10544588000106
10548244000167
10548272000184
10557081000189
10562065000184
10562355000128
10565392000190
10566144000163
10571788000140
10571837000144
10573317000170
10586361000115
10593619000100
10595985000107
10599733000148
10606318000174
10617750000160
10618279000125
10626607000135
10627890000110
10635903000100
10647855000162
10666332000163
10677620000113
10686086000101
10686910000123
10691374000154
10693773000154
10693800000199
10700483000190
10711416000171
10714696000171
10719798000180
10728159000180
10730782000178
10745355000163
10752493000170
10752846000131
10752856000177
10764870000190
10764896000139
10773887000104
10774749000140
10780867000160
10788002000140
10790605000187
10808243000104
10817116000171
10828170000112
10830055000182
10856440000107
10885179000165
10893241000160
10925521000103
10940451000162
10941992000105
10942022000124
10942036000148
10942073000156
10948813000161
10950188000192
10957077000108
10968165000105
10972730000108
10973349000163
10981395000104
10983616000183
10987751000105
11004581000156
11013135000108
11023809000155
11025827000176
11029836000135
11029856000106
11063847000131
11098821000129
11105646000150
11132758000108
11165006000135
11170643000108
11175731000194
11177306000134
11196571000160
11197873000152
11203370000142
11208665000101
11211808000134
11221106000131
11230327000176
11235437000120
11236805000155
11276549000120
11276719000176
11286609000195
11290698000143
11298997000124
11309526000174
11310120000101
11316561000110
11318792000163
11333571000164
11336832000108
11359523000145
11360086000180
11385636000115
11395962000103
11402182000143
11403445000139
11412931000113
11416615000110
11416771000180
11427169000149
11437784000136
11440285000106
11450114000150
11451843000120
11452649000160
11456492000140
11459571000105
11463525000180
11468503000102
11472978000172
11478031000179
11484174000193
11484996000174
11488048000107
11503818000143
11508989000165
11512016000108
11519395000150
11547313000180
11591392000127
11602035000117
11607381000198
11607798000150
11637233000116
11655574000114
11660564000177
11665621000100
11679769000102
11694070000103
11702541000188
11719567000139
11725198000197
11727640000114
11735418000163
11752049000117
11753973000118
11756443000123
11774153000102
11789154000120
11809249000169
11809602000100
11821114000119
11822258000190
11825665000150
11828055000100
11845391000161
11852003000170
11852138000135
11855112000140
11862946000183
11893016000197
11893226000185
11894038000171
11899687000165
11939884000160
11951235000185
11952890000158
11958277000148
11959474000181
11988950000192
11988996000101
12012742000116
12036004000109
12050479000150
12079873000110
12080168000133
12091363000169
12110088000183
12142883000153
12160387000122
12186967000199
12213363000194
12237422000164
12254961000101
12334038000180
12347149000120
12353312000168
12356475000102
12365065000110
12381167000129
12381758000104
12388471000106
12397710000186
12435286000117
12439192000116
12462249000106
12493130000192
12494578000120
12497435000172
12530917000187
12539985000107
12543850000115
12556506000160
12557102000191
12564014000117
12565702000100
12570352000161
12576137000178
12579760000184
12587950000143
12599273000183
12613213000178
12616401000150
12626145000181
12652597000138
12661701000150
12667590000190
12695848000161
12741469000160
12745376000104
12789357000180
12799547000188
12816854000120
12818953000140
12827700000133
12849271000103
12851232000132
12912764000132
12912776000167
12915509000143
12941620000104
12947204000113
12978438000128
13019446000100
13022197000101
13053357000180
13090127000190
13092110000172
13099119000105
13119601000160
13158931000164
13172278000198
13203297000134
13210172000131
13250019000138
13279006000191
13325232000161
13337314000126
13353694000192
13354158000101
13366584000165
13370213000157
13396172000178
13426540000183
13455580000153
13462081000193
13484280000100
13544827000108
13589263000120
13605326000194
13707601000180
13729812000114
13757350000149
13769335000110
13777089000149
13777957000190
13778077000139
13778119000131
13784501000158
13843133000171
13851070000103
13851601000150
13864744000104
13865791000164
13892362000186
13921624000193
13933186000183
13936688000168
13944734000170
13959581000135
13974937000100
13978414000131
13983323000194
13986121000104
13995513000121
14063412000185
14067174000186
14079878000179
14099454000176
14112786000143
14130831000192
14142597000113
14197584000141
14211739000157
14237601000127
14277449000106
14286811000105
14296593000190
14296954000106
14301385000131
14330455000180
14332301000127
14334561000131
14341039000187
14400672000107
14401201000105
14421700000164
14434984000123
14456042000146
14469413000124
14482532000117
14518406000175
14528831000145
14552144000165
14642603000100
14648309000105
14652012000105
14657684000103
14695486000134
14697266000140
14699793000193
14712245000156
14731233000179
14736440000116
14749040000145
14774275000197
14774973000192
14774992000119
14793944000178
14805604000110
14808427000125
14810435000106
14830923000185
14837428000106
14841949000129
14844117000166
14845892000136
14846151000170
14846260000197
14887022000120
14897829000143
14926800000142
14937279000149
14971776000163
14981883000172
14989437000104
15016517000146
15037656000156
15055271000111
15056764000176
15061122000165
15103460000112
15107563000150
15152625000146
15179810000124
15196065000121
15196783000106
15226162000110
15263423000171
15295901000125
15311896000105
15358413000110
15360243000108
15380588000123
15461891000150
15486252000140
15529107000107
15536955000135
15544549000114
15557433000110
15572338000195
15583843000135
15604347000110
15638055000107
15638329000150
15650696000179
15667296000176
15682811000197
15695583000190
15704709000145
15709919000126
15741748000112
15757085000124
15778991000105
15798357000134
15815606000152
15866308000191
16366014000163
16416611000155
16417579000122
16443479000170
16514509000192
16518902000154
16552914000103
16555628000193
16584375000186
16598929000102
16599388000129
16602712000110
16614444000157
16628306000127
16639035000105
16670121000180
16705165000107
16728892000181
16745098000146
16746013000144
16811353000101
16833153000150
16836367000180
16864819000137
16867875000125
16870466000188
16872406000102
16873361000182
16902202000169
16902952000130
16913088000172
16917417000153
16925848000161
16928654000110
16959293000179
16977495000143
16982593000179
17000211000127
17007723000115
17007929000145
17017415000170
17029081000155
17032778000185
17040778000127
17059500000100
17065969000143
17074769000157
17100713000120
17113684000130
17132276000126
17132359000115
17132602000103
17138260000120
17144063000114
17152510000187
17203572000170
17213080000166
17215590000172
17216014000140
17232163000100
17235775000149
17250782000110
17252394000178
17269924000190
17275840000160
17277250000176
17281039000127
17284821000108
17286712000111
17289852000143
17291029000172
17326595000172
17329356000176
17330290000134
17333328000122
17335695000165
17336529000183
17339465000174
17341144000104
17341446000182
17354079000151
17360495000162
17364146000119
17372808000100
17375055000189
17381715000134
17398628000190
17414612000123
17415843000151
17439920000103
17456982000123
17488751000100
17507875000187
17511564000191
17524734000172
17536862000136
17544037000183
17551050000160
17556210000163
17568859000102
17614128000148
17620327000169
17646064000167
17680088000132
17704553000128
17708897000105
17733803000158
17742932000102
17756751000135
17771290000170
17799462000113
17805512000128
17812499000134
17817645000114
17843382000118
17844042000101
17846177000106
17846966000147
17851180000118
17855315000113
17856392000198
17880769000144
17901807000106
17904403000168
17904449000187
17921001000171
17978844000104
18001638000102
18024052000163
18025263000110
18042805000163
18056983000143
18070370000160
18097753000122
18108650000110
18143667000109
18144273000175
18166673000181
18167055000156
18206846000148
18217733000148
18225439000188
18236155000197
18240149000103
18256764000108
18273491000100
18280378000151
18283652000146
18292141000190
18300309000162
18326532000189
18337103000107
18344314000177
18361414000101
18377326000106
18393139000108
18411591000155
18418691000103
18451873000186
18456438000144
18465052000107
18469484000188
18491747000155
18510181000161
18516326000131
18537018000192
18560950000136
18587342000115
18589528000103
18607989000161
18627099000111
18642580000186
18679345000189
18697120000155
18720314000124
18748107000188
18758952000134
18766969000133
18777199000124
18778775000158
18779364000187
18786748000127
18803738000152
18814721000109
18822656000155
18824189000100
18835890000117
18871360000124
18904129000190
18910949000194
18914425000171
18929143000148
18948367000105
18956638000166
18969174000122
18982482000198
18997798000153
19052464000170
19072304000192
19091194000106
19108193000127
19108259000189
19119621000117
19134571000147
19136637000138
19136680000101
19137623000139
19138140000159
19179657000196
19179825000143
19199309000180
19217353000176
19221436000139
19223316000170
19248090000162
19248515000133
19264461000108
19265997000130
19274418000115
19283867000120
19316473000120
19326858000179
19390306000120
19394912000113
19396490000115
19407555000180
19409612000160
19426291000102
19431672000180
19434082000100
19437974000165
19442203000166
19487520000107
19498639000177
19527524000163
19537632000117
19567764000191
19594350000151
19599345000131
19632714000140
19660348000133
19707589000190
19708188000155
19713851000100
19750885000174
19757842000110
19761567000109
19777900000178
19801684000159
19822338000157
19850102000124
19855848000120
19896404000133
19897234000101
19936383000132
19951828000153
19970443000133
19971315000104
19976146000103
19979433000169
19988532000107
20003608000187
20009268000100
20012254000137
20020902000105
20034585000178
20052966000180
20055677000134
20069294000115
20070720000130
20164499000180
20168130000145
20170518000180
20173460000129
20175499000185
20194851000120
20220538000119
20235397000108
20302567000120
20310130000138
20310569000160
20310979000101
20323944000107
20374458000118
20377568000133
20385215000185
20391369000180
20399368000181
20402021000140
20428212000181
20445841000110
20451625000187
20453237000135
20459460000190
20475702000139
20502212000184
20505924000157
20514236000153
20535221000171
20538040000107
20557337000101
20600916000190
20654367000136
20695721000170
20699340000160
20720550000192
20748573000105
20766766000199
20782551000161
20798669000188
20801570000198
20868368000183
20891256000143
20893169000125
20958503000181
21007665000105
21008521000165
21023420000163
21025639000100
21042550000143
21053952000143
21072135000132
21118578000117
21125897000150
21161677000181
21162172000131
21171274000113
21172601000151
21173586000166
21194031000109
21198087000123
21214217000174
21222434000106
21223521000188
21229056000192
21261042000156
21294130000154
21294900000169
21295428000189
21315256000168
21333486000150
21345173000111
21356350000165
21372527000117
21391772000171
21414772000140
21416711000111
21419289000158
21423021000190
21425750000185
21439966000108
21444400000166
21463956000108
21465706000107
21475780000104
21481350000197
21529041000140
21533163000100
21550842000197
21583334000105
21600239000172
21606669000100
21609796000154
21633869000143
21675695000181
21709789000124
21717971000127
21735836000104
21744475000162
21745274000180
21764734000117
21766994000121
21813288000193
21830579000190
21848107000164
21854448000142
21872298000108
21904635000193
21922416000137
21933258000110
21934549000123
21934713000100
21969239000144
21985624000185
21996002000152
21998727000180
22053941000126
22102203000121
22111387000196
22112462000133
22144283000188
22169110000114
22169264000106
22170115000167
22173846000166
22180204000194
22206728000107
22212884000180
22315941000157
22328404000141
22356857000181
22378790000186
22389507000111
22422774000143
22446724000104
22481187000125
22485931000160
22505073000178
22505807000119
22526353000162
22529972000100
22535871000142
22546599000104
22546932000177
22573230000182
22615908000142
22664512000195
22682081000190
22687706000106
22690557000134
22703559000110
22713335000190
22761454000118
22761836000141
22803830000190
22817831000193
22831773000152
22855938000126
22865991000108
22872940000103
22879231000150
22905597000156
22905678000156
22906102000103
22922695000100
23011963000196
23054813000160
23060421000103
23062255000184
23097532000194
23110990000116
23159103000102
23172652000109
23199358000190
23199412000106
23199762000164
23202739000181
23209472000154
23238524000110
23253058000142
23253604000145
23278552000161
23302822000122
23335529000161
23341165000122
23343199000156
23351451000179
23361738000180
23365082000173
23395509000186
23410528000134
23420180000166
23469002000120
23469105000190
23483335000103
23485024000183
23500286000170
23512405000104
23538079000104
23560652000186
23604276000184
23623224000155
23624261000188
23634608000173
23637674000105
23660576000180
23677078000140
23683112000190
23690744000180
23712688000138
23713517000123
23725316000146
23749532000121
23764080000157
23776383000190
23790443000129
23810920000170
23819887000140
23828151000138
23829478000124
23963419000144
23999034000137
24014834000114
24028077000138
24028873000170
24033885000193
24034222000193
24060062000157
24065136000148
24065446000162
24083843000167
24084040000127
24109393000134
24127027000108
24129188000130
24157526000148
24182962000177
24183182000141
24183948000198
24185372000106
24199369000133
24203682000106
24204946000138
24230782000113
24231985000124
24254391000139
24310942000134
24337536000165
24338680000116
24342129000146
24345858000156
24361071000188
24366474000110
24387287000112
24394463000143
24433588000135
24471183000191
24530940000150
24545034000120
24575772000110
24591210000160
24604801000124
24613726000168
24644903000173
24660863000153
24661799000125
24689337000116
24690147000119
24740208000105
24742463000197
24765990000117
24819314000189
24826086000174
24835929000107
24841925000123
24892284000136
24894840000103
24915889000103
24928981000108
24975838000169
25024874000100
25072061000195
25116804000181
25117120000102
25142283000137
25152582000152
25178834000112
25203298000168
25214975000143
25216863000121
25245909000130
25298865000107
25312527000182
25357562000118
25359466000109
25421770000139
25450866000125
25501795000142
25967411000181
25976027000145
26022321000180
26031950000177
26040355000106
26043090000191
26111592000102
26162071000184
26163343000160
26169588000103
26183286000181
26218908000160
26254370000149
26297207000163
26297578000145
26323652000150
26341590000100
26343346000186
26345468000101
26367339000114
26371001000136
26427151000114
26427191000166
26430575000138
26460251000142
26478673000145
26481559000174
26556686000195
26558939000160
26563059000181
26586871000122
26600111000122
26632915000103
26642431000145
26648672000100
26648788000130
26669907000131
26701828000160
26715655000130
26740983000196
26744310000104
26755910000178
26761493000176
26770975000192
26776841000189
26786265000150
26788226000192
26794022000164
26845920000102
26846795000147
26860380000128
26867966000114
26876705000160
26892012000161
26893963000155
26909870000171
26912835000101
26922185000185
26988853000177
26990294000130
27006431000111
27038340000168
27061251000132
27075593000101
27082573000168
27102496000160
27105023000117
27112800000150
27128199000194
27156276000110
27189938000158
27207290000103
27207834000129
27210414000100
27240857000135
27253457000164
27286504000176
27294150000101
27308540000193
27324718000190
27342572000105
27374385000103
27395815000173
27411863000108
27415265000107
27423143000162
27432726000150
27455028000170
27481275000140
27483729000112
27488330000124
27518633000142
27539962000170
27558856000133
27590075000126
27603048000140
27730553000156
27764862000147
27799724000101
27804379000149
27837919000190
27838469000150
27852147000166
27883612000126
27908354000195
27912562000168
27946007000157
27968384000197
27994651000109
28033594000156
28050340000146
28074770000106
28079342000168
28094497000173
28094774000148
28110743000133
28135211000150
28145172000172
28152085000142
28152950000150
28164594000195
28226465000184
28257683000186
28266798000137
28285600000162
28286031000170
28290059000180
28309476000128
28322224000139
28336256000193
28337340000121
28342042000120
28373851000107
28389973000183
28427650000137
28429120000128
28437596000100
28450133000189
28462689000195
28471486000165
28474402000147
28485218000100
28515968000170
28545664000155
28584838000199
28625623000179
28662246000148
28705134000127
28709636000126
28715196000110
28717233000129
28735933000146
28748159000108
28748915000107
28753733000116
28776898000103
28782104000114
28783950000159
28791888000147
28804564000104
28811109000128
28811538000103
28824692000101
28829318000107
28836460000173
28878147000106
28886996000101
28892780000140
28893504000105
28900537000127
28902014000110
28922027000150
28929657000157
28942338000181
28953187000167
28961238000100
28983845000163
28993455000174
29037667000140
29045112000140
29093235000157
29116418000140
29118041000169
29148575000138
29161637000141
29168159000100
29186481000153
29199897000106
29206458000183
29208680000115
29215777000155
29242223000147
29242235000171
29255782000191
29257693000184
29284006000110
29286789000170
29286990000158
29296998000103
29331718000142
29337289000110
29338992000143
29351154000100
29358845000135
29381901000152
29395052000196
29398290000155
29424147000190
29438640000160
29448268000172
29448279000152
29482636000107
29528523000197
29576650000161
29629337000144
29634245000152
29637654000102
29637665000192
29650861000105
29657817000119
29660365000124
29669865000127
29683187000157
29720624000165
29721091000136
29721242000156
29722967000169
29747600000108
29754160000108
29794623000165
29818772000117
29858912000180
29881798000100
29884094000190
29895084000150
29944869000176
29955528000104
29972438000113
29972983000100
29979928000141
29981330000197
29988133000108
29992946000163
30009051000145
30009753000129
30018081000118
30032261000154
30077621000134
30078242000169
30088489000166
30116944000190
30120099000126
30141729000149
30191904000102
30203342000170
30207595000111
30214007000177
30217280000155
30226420000151
30232657000145
30246758000175
30275609000134
30275679000192
30323525000129
30351359000174
30356857000100
30401055000174
30455320000105
30520004000161
30557525000193
30559963000190
30622734000173
30645502000130
30680348000138
30687548000112
30699523000139
30713555000141
30738390000162
30738407000181
30739011000159
30754731000193
30761588000167
30779084000174
30839107000199
30842316000191
30868272000179
30889473000152
30891387000184
30917685000104
30947497000110
30958859000179
30975343000132
30976954000103
30981307000181
30982673000155
31007711000111
31032224000109
31032660000188
31042349000110
31063028000100
31082956000103
31088525000154
31090336000116
31098051000121
31139687000174
31187030000182
31195455000133
31205135000117
31253322000176
31276452000124
31299748000160
31299759000140
31353143000100
31385355000170
31412365000157
31416579000100
31417352000170
31456556000110
31461994000177
31472473000115
31474318000138
31497943000103
31547503000105
31570990000127
31590519000109
31599915000199
31633614000134
31652618000160
31658577000119
31659107000170
31693170000122
31715297000103
31732378000103
31746783000180
31749818000135
31822255000163
31859163000158
31953049000192
31964747000193
31996361000163
32044148000114
32055260000150
32060137000128
32079280000161
32079425000124
32084228000101
32097329000109
32117528000131
32136164000137
32194998000107
32213188000142
32221174000170
32224205000147
32249396000100
32250412000176
32255130000161
32276229000140
32287689000173
32314495000110
32332172000159
32383825000129
32392173000199
32409630000100
32423317000127
32479264000166
32555053000165
32574820000183
32593893000112
32596410000133
32634739000141
32654752000162
32656897000100
32670016000106
32735013000103
32745940000104
32758430000163
32780392000145
32787769000198
32818912000161
32833434000169
32899339000168
32900149000113
32914302000161
32954251000100
32956877000147
32969117000174
32986407000126
32997013000173
33053390000117
33065794000120
33066703000171
33076215000145
33091811000102
33092312000121
33095062000183
33135366000127
33171296000162
33177020000191
33187813000191
33187941000135
33204183000116
33222748000198
33262995000118
33345400000198
33371207000121
33385056000160
33414909000145
33416904000151
33432770000162
33442478000120
33443697000124
33456495000117
33482064000125
33488713000103
33498341000198
33516558000183
33523394000111
33537665000198
33537687000158
33545497000182
33570865000142
33582471000104
33584832000151
33598938000104
33616683000165
33619286000147
33641957000176
33667345000152
33677558000165
33679776000139
33683532000120
33706733000103
33715379000175
33733535000120
33768581000165
33770483000162
33800136000135
33813032000165
33821837000150
33825239000150
33829560000102
33847395000111
33921187000115
33937767000109
34021379000138
34028067000156
34061802000123
34065181000156
34084365000163
34127683000164
34164369000151
34170329000112
34178263000107
34189346000100
34257335000101
34282382000105
34293817000117
34302991000189
34315955000150
34339447000101
34340339000159
34357315000102
34365883000155
34402280000186
34437580000109
34447299000149
34463069000173
34474503000110
34500865000139
34508581000199
34516382000122
34518305000101
34520294000102
34525552000135
34529239000175
34546303000126
34546306000160
34549167000128
34550075000168
34556953000152
34566899000126
34572827000191
34592102000165
34616479000107
34616712000151
34663777000158
34680999000189
34728530000172
34748476000127
34775100000101
34808049000197
34862916000172
34898016000185
34902410000140
34923759000168
34926134000150
34974475000109
34991259000163
34994351000187
35027533000141
35031224000145
35095069000120
35131311000174
35159465000174
35169004000182
35182597000117
35212644000128
35268734000130
35272302000101
35291872000130
35293386000151
35307613000150
35341180000150
35352206000165
35369821000184
35396091000100
35413091000171
35415822000118
35450123000109
35461461000146
35474034000100
35509899000157
35511830000168
35569393000133
35578906000172
35609827000181
35624274000136
35628185000168
35639862000143
35641782000122
35644773000195
35663118000184
35670419000135
35677284000130
35682028000130
35712468000193
35715865000119
35716016000180
35729687000185
35731365000170
35737242000147
35830273000148
35842364000101
35934456000103
35963505000136
35976595000108
36113060000168
36169510000134
36178329000194
36182140000175
36213385000112
36236850000130
36257324000157
36261932000135
36376040000180
36390798000172
36392612000114
36408440000120
36419429000165
36436168000191
36459145000100
36469932000125
36497841000101
36515637000168
36527426000145
36539933000107
36550720000178
36564551000125
36579585000193
36588229000136
36598218000137
36607068000180
36612535000160
36619459000115
36692308000192
36697402000134
36719931000191
36728164000187
36748785000122
36759175000124
36766975000172
36769893000181
36813972000142
36821446000124
36838199000179
36842620000115
36861447000100
36862755000142
36891074000102
36907149000104
36919866000148
36930187000170
36938143000196
36946391000189
36986568000170
36993610000180
36993907000146
37021123000119
37024048000140
37052077000115
37059542000140
37063035000180
37067730000110
37085544000103
37106500000112
37127227000102
37129300000185
37135476000140
37149280000104
37156868000195
37166985000130
37168780000193
37177915000187
37178808000173
37186832000154
37191550000145
37218341000148
37253339000100
37293930000190
37305195000198
37333803000178
37396755000167
37405870000150
37408704000108
37434715000162
37443007000198
37449841000190
37481182000170
37495932000162
37532604000199
37568646000180
37570128000109
37571768000125
37582785000168
37583142000139
37584156000177
37600093000103
37637701000146
37643010000155
37643144000176
37656886000136
37682115000113
37683047000107
37690219000170
37702407000170
37729973000176
37746692000121
37766181000171
37784812000185
37785751000170
37804949000154
37805296000128
37805743000149
37809305000159
37809318000128
37826444000190
37852330000115
37871335000195
37873860000140
37893793000125
37909079000188
37918555000127
37956077000140
37986035000151
37992024000184
37998478000162
38003176000170
38011838000153
38092004000110
38100469000175
38117656000161
38127523000176
38128976000117
38144675000187
38145043000138
38152521000137
38153875000104
38168814000102
38170582000127
38186504000110
38209308000114
38222280000155
38222827000112
38233432000115
38296544000115
38310424000125
38311358000108
38350970000190
38390104000122
38400729000128
38405230000103
38406790000182
38414406000193
38458884000103
38478249000180
38479547000194
38501373000119
38505021000131
38561113000139
38612654000149
38626394000160
38829746000185
38861168000164
38925458000124
39146268000171
39150392000100
39155583000165
39257821000143
39303637000192
39322162000181
39329069000107
39353625000172
39402603000155
39410399000114
39415424000152
39437263000106
39439200000180
39448269000170
39454775000172
39486268000110
39510118000103
39543398000148
39548036000140
39564559000180
39567389000197
39573054000181
39596112000192
39603884000104
39613264000156
39673461000160
39682827000168
39689797000111
39722114000180
39738065000174
39777066000128
39783020000111
39813767000175
39819111000160
39858133000139
39860219000104
39872145000118
39872264000170
39874986000164
39881858000148
39897875000173
39968438000101
39995294000174
40008775000128
40021371000174
40021534000119
40037704000153
40075480000174
40075711000140
40085401000106
40093166000114
40107189000130
40116366000145
40130900000178
40136975000166
40137277000185
40139082000174
40140871000125
40143579000166
40148064000159
40151242000109
40169935000110
40173160000157
40193279000191
40202773000175
40207131000169
40225432000115
40241784000164
40265002000127
40279533000179
40339850000133
40356315000190
40385654000103
40393211000156
40395740000199
40417558000191
40418237000101
40445095000171
40454232000134
40455627000151
40479151000199
40497891000158
40507307000106
40508176000173
40512390000101
40540415000172
40546865000172
40553076000169
40557501000198
40593692000143
40606020000125
40611846000182
40648319000142
40654754000180
40665240000120
40690557000116
40706147000116
40716319000132
40734783000151
40740261000162
40769635000172
40798103000163
40820142000110
40897660000131
40901264000130
40906770000112
40906820000161
40912315000120
40917146000110
40918319000115
40920263000133
40926383000148
40944713000128
40946437000137
40989900000128
41012487000100
41018817000174
41038800000189
41038901000150
41059454000115
41079795000152
41085393000160
41095831000171
41107444000108
41126274000109
41182958000128
41215941000120
41250315000174
41273664000101
41285265000160
41294811000120
41298122000193
41312352000160
41324812000170
41325353000149
41364979000164
41382199000147
41391331000187
41399381000100
41408996000156
41427301000183
41465384000103
41471307000158
41481712000157
41485196000139
41505589000167
41507227000105
41541245000103
41549389000106
41566327000102
41598672000128
41625647000196
41632294000151
41633382000178
41643357000175
41720712000162
41736353000131
41754019000100
41758784000107
41763631000140
41778778000103
41789379000148
41791148000179
41808123000130
41825023000112
41828481000105
41844868000155
41849337000155
41865971000181
41869332000194
41888941000190
41890181000156
41900370000162
41902978000126
41930210000166
41970608000126
41974295000184
42020457000108
42027493000101
42041661000105
42052391000138
42065207000194
42066410000185
42069313000146
42090765000100
42102025000146
42154038000169
42155311000170
42160022000169
42160738000166
42167010000166
42167402000125
42207115000100
42229333000137
42244315000124
42244352000132
42246654000140
42276911000196
42277102000107
42290837000162
42333595000147
42336591000112
42337639000107
42345666000121
42345711000148
42360717000194
42361439000190
42405382000183
42432197000188
42454225000168
42459562000148
42471015000188
42489568000168
42490975000195
42508016000150
42527134000105
42544367000116
42557705000154
42587069000103
42589790000132
42590379000187
42613693000138
42622123000104
42656016000105
42686507000190
42697363000178
42709348000100
42719482000184
42734662000135
42735849000153
42748642000113
42748703000142
42774175000104
42787775000107
42790072000120
42793488000100
42794239000120
42822355000106
42824287000114
42828936000155
42829470000102
42844156000107
42865281000195
42867371000115
42868686000187
42902290000109
42947652000188
42947980000184
42968036000103
42992793000112
43001442000165
43010496000197
43019156000127
43030091000110
43037515000179
43062698000182
43065372000109
43069033000109
43091793000104
43100050000153
43102402000100
43112922000101
43133051000102
43136751000142
43143161000147
43155298000111
43188894000106
43197553000199
43215020000192
43228586000159
43277820000138
43286521000160
43340855000174
43473353000111
43484269000101
43493207000158
43495635000110
43505934000198
43506383000187
43513165000170
43515966000174
43522404000158
43525998000150
43532077000115
43532136000155
43537249000143
43548719000174
43549441000150
43550134000199
43561056000128
43591430000138
43631727000180
43634464000162
43637672000115
43640270000170
43648238000130
43650724000193
43759283000162
43800608000103
43800729000155
43808343000190
43821938000185
43825636000185
43838256000185
43856424000165
43869805000189
43879286000130
43890739000129
43905102000169
43905591000159
43905984000162
43914110000171
43914123000140
43931677000156
43933619000161
43972410000107
43977295000163
43984869000120
43992407000155
43994424000121
44006502000103
44032041000135
44035023000107
44039064000171
44040091000164
44043846000184
44062387000186
44066213000191
44069806000101
44072204000103
44109447000179
44126797000143
44132690000108
44134113000155
44139585000109
44150507000105
44156365000185
44161869000193
44163901000170
44201270000136
44202897000101
44220888000143
44221668000134
44224751000167
44246665000155
44278276000101
44291707000170
44298681000191
44327243000104
44368996000168
44396668000175
44404449000190
44412853000106
44423004000158
44424738000151
44428321000167
44441660000183
44478871000190
44548813000196
44553325000177
44573728000188
44578015000107
44595008000113
44601140000190
44611719000134
44620148000102
44621496000196
44626888000148
44635941000177
44642753000176
44644817000178
44644874000157
44645716000111
44651246000107
44690992000100
44694384000165
44694714000112
44701729000160
44715371000125
44722665000184
44740746000107
44754872000110
44760996000109
44766955000120
44805732000124
44814519000189
44834601000175
44898384000187
44905926000100
44923547000134
44929781000179
44934758000172
44941633000170
44997090000102
45035611000103
45044889000147
45058814000115
45075654000112
45080075000168
45080990000153
45093741000100
45140077000103
45162688000144
45163439000173
45184601000130
45212009000102
45226774000173
45253616000102
45290476000142
45291582000140
45309231000110
45344997000135
45363378000198
45373861000153
45375105000163
45395650000111
45415439000113
45440053000161
45449448000125
45454673000150
45456669000120
45528368000165
45530619000146
45538814000112
45539710000122
45568612000113
45582122000171
45589040000159
45592968000192
45594107000143
45595318000109
45616748000151
45619618000172
45689540000162
45693782000120
45700561000131
45726154000101
45746258000170
45758741000174
45767940000149
45768155000100
45771256000130
45778994000100
45789940000140
45791307000196
45803674000162
45809771000162
45816143000104
45820343000130
45841762000159
45848867000130
45922109000114
45935196000144
45939255000152
45972435000136
46017854000181
46024404000116
46024506000131
46033360000190
46068982000154
46070794000160
46076882000170
46147353000110
46175230000192
46256579000159
46262693000191
46267997000141
46288711000104
46311470000177
46320648000146
46320666000128
46333887000130
46338669000199
46346217000159
46355631000124
46363760000164
46406098000182
46409001000195
46445296000155
46454670000189
46456454000172
46498271000110
46510369000145
46519387000198
46537582000140
46543239000109
46572621000140
46600776000143
46637588000190
46651565000130
46665321000106
46672917000133
46689572000120
46704277000104
46728574000181
46732030000193
46739301000132
46743903000163
46745186000109
46768596000175
46776467000129
46820020000100
46835448000126
46849556000158
46878694000165
46883939000142
46894727000160
46924453000105
46953810000163
46995630000144
47000678000138
47003141000121
47006962000111
47007758000115
47070451000169
47082387000136
47083945000188
47093454000118
47095555000128
47137565000189
47145676000137
47158542000150
47187392000103
47191919000173
47223113000110
47235298000182
47240340000153
47271700000184
47274716000140
47287686000107
47318745000167
47348530000199
47350614000167
47400902000189
47419578000140
47425526000187
47464926000100
47466465000104
47498918000176
47523236000176
47527784000174
47586527000103
47602531000118
47611361000138
47611438000170
47626468000150
47626618000125
47636674000140
47639553000152
47664855000180
47668549000112
47674586000133
47676054000135
47710837000198
47719957000156
47730046000120
47759167000102
47783539000128
47792048000143
47799773000143
47817271000106
47818274000156
47843863000194
47862519000142
47872834000150
47876525000159
47879209000130
47879930000120
47900011000191
47925030000172
47927977000112
47930957000109
47934338000184
47936090000190
47952788000108
47962532000173
47982873000100
47994980000159
47996784000113
48003421000100
48026390000103
48036561000177
48051969000118
48054079000160
48061719000169
48075636000129
48077832000132
48085227000103
48094664000193
48096694000139
48122536000106
48135954000138
48136481000193
48137336000127
48153299000140
48179319000152
48189959000143
48196115000120
48196842000197
48198153000111
48199499000134
48235876000143
48258746000126
48278688000100
48310509000167
48312737000176
48324478000101
48325638000129
48329398000130
48340077000137
48372526000129
48377654000165
48390425000180
48418395000173
48434746000130
48434794000128
48434859000135
48460642000108
48469566000193
48471340000127
48482666000150
48493749000144
48495997000124
48496589000197
48497082000158
48548790000170
48621729000101
48649472000104
48653543000134
48711292000105
48719565000150
48723218000109
48738636000161
48743471000116
48744170000107
48744227000178
48747064000187
48756238000178
48759004000184
48765983000183
48770763000148
48796527000109
48828805000154
48832997000172
48854124000160
48859590000139
48867494000132
48876363000111
48877895000173
48880180000170
48901574000167
48911809000100
48925323000112
48933878000106
48936425000133
48940131000185
48967720000157
48969053000141
48979055000111
48987247000170
49003468000129
49033022000147
49055140000156
49059383000162
49087775000135
49119708000155
49131110000181
49131981000103
49139771000153
49176181000109
49176804000135
49182568000160
49197600000180
49221406000193
49238387000108
49241440000120
49258232000133
49264140000166
49330631000168
49333972000197
49334372000143
49336387000140
49353108000157
49387398000150
49421342000174
49441473000113
49453113000131
49476075000132
49477130000109
49483128000142
49486827000146
49487352000102
49503586000104
49512308000105
49518014000190
49520460000130
49520977000129
49540617000199
49541255000150
49541385000193
49543727000104
49554873000135
49555020000118
49572905000125
49587742000154
49588880000158
49594817000124
49596637000181
49601337000143
49609998000115
49632977000110
49700030000108
49708676000123
49722417000157
49731643000102
49740572000104
49748823000199
49758877000135
49774194000171
49777602000149
49778221000184
49781021000180
49784174000181
49796697000148
49796742000164
49807636000139
49815643000182
49834250000116
49839377000128
49840307000190
49845797000117
49851149000173
49859931000139
49883688000194
49924388000106
49927019000177
49943516000169
49947499000138
49978032000155
49986856000177
49997304000164
50034516000125
50037280000180
50067471000195
50105999000101
50126944000188
50151162000107
50163069000104
50167941000192
50179346000177
50204295000196
50228172000195
50229777000109
50231027000163
50235210000137
50250008000184
50274531000140
50279057000140
50285140000121
50286253000141
50286659000124
50291552000174
50322941000110
50371980000107
50387447000133
50422166000174
50450845000157
50455783000176
50455901000146
50457111000108
50460595000136
50462128000145
50466654000183
50466732000140
50482813000133
50498354000186
50521440000162
50525426000137
50526413000182
50530002000160
50533378000129
50569099000115
50581047000164
50583060000152
50583383000146
50603567000120
50607618000192
50611917000109
50611972000190
50647987000109
50650468000108
50686454000136
50693551000156
50704615000177
50706964000128
50707513000105
50707905000174
50728472000133
50735781000130
50760799000192
50761906000105
50762035000136
50795742000129
50804759000103
50849271000194
50852541000116
50855762000148
50871991000156
50903423000190
50918506000152
50922440000174
50940016000152
50961396000101
50989707000140
50993123000149
51001906000161
51020274000183
51021264000162
51023495000105
51041311000130
51044181000199
51094114000189
51103685000132
51114095000105
51126692000150
51141445000122
51147779000103
51155965000194
51167184000110
51181818000199
51197772000104
51218037000121
51227455000185
51277902000100
51279725000100
51287855000186
51293554000165
51308816000118
51331119000188
51334565000146
51352667000194
51408537000126
51445665000140
51447056000120
51459391000148
51466207000197
51482725000102
51483674000125
51516079000149
51528509000142
51540002000104
51548150000175
51550862000129
51551891000105
51561794000101
51582662000158
51602884000195
51632564000188
51656753000190
51683452000156
51715608000133
51715707000115
51715776000129
51722735000160
51748477000190
51765423000133
51769452000173
51779410000113
51794195000120
51801721000131
51810999000175
51811424000177
51815981000166
51816332000180
51817258000116
51833095000165
51839352000176
51848530000125
51852106000154
51867996000178
51879703000172
51880811000165
51885013000126
51887667000199
51936806000127
51944301000104
51945985000169
51965784000123
51970947000166
51976786000118
51987825000182
51995007000121
52041284000168
52043068000151
52047408000112
52047419000100
52061188000181
52080147000132
52091427000146
52124866000108
52125153000169
52128812000110
52131094000131
52153117000109
52175400000131
52176604000197
52182166000170
52185616000188
52188252000190
52191035000159
52214949000198
52215762000109
52224661000102
52233676000129
52239819000100
52240465000113
52281386000150
52282648000100
52285101000150
52314034000154
52319716000150
52330630000128
52330964000100
52345377000186
52354043000179
52354616000164
52359119000159
52404502000181
52409762000140
52423366000177
52443037000198
52449134000198
52455591000195
52469634000191
52484975000136
52492257000101
52492431000116
52497346000140
52509937000190
52519636000148
52519655000174
52528772000102
52537436000118
52537618000199
52559862000152
52561351000175
52584589000116
52587678000116
52599631000172
52623946000108
52655757000117
52662017000108
52665986000112
52667021000169
52667369000156
52720343000124
52723214000190
52743262000140
52749756000131
52788095000153
52788566000123
52789621000108
52804206000178
52823827000107
52846965000101
52851526000189
52871069000194
52875376000143
52876689000116
52880587000174
52880729000101
52899609000148
52900725000130
52913475000172
52921057000127
52923316000159
52923495000124
52934413000147
52944108000136
52964148000140
52966139000198
52968452000165
52973654000103
52983964000109
52989171000199
52999713000104
52999862000173
53011187000195
53045009000185
53070220000158
53101703000172
53109758000129
53115545000100
53117494000155
53127147000103
53132599000183
53134035000180
53146311000120
53147814000110
53158722000135
53164097000134
53164101000164
53169340000107
53170048000104
53176825000128
53187246000180
53192550000116
53196934000107
53247936000188
53254519000162
53262113000121
53263415000114
53267920000137
53273164000159
53274172000110
53300772000105
53305782000133
53320994000190
53340892000136
53358692000100
53370099000180
53370145000140
53370399000169
53391460000154
53421134000142
53423343000125
53427524000120
53439880000163
53476034000113
53547148000107
53547547000178
53548623000160
53557119000126
53570920000101
53591355000169
53592276000172
53592300000173
53596970000168
53622301000113
53626452000140
53655904000111
53656493000189
53674812000189
53709392000129
53711516000100
53723681000182
53723940000175
53725665000129
53726364000110
53742134000144
53742530000171
53762216000150
53762962000144
53768984000111
53780504000138
53796533000198
53796995000105
53797818000143
53805101000104
53807397000194
53824598000108
53826842000163
53914635000160
53921050000178
53922796000104
53934533000107
53966351000118
53976129000104
53989654000156
54024121000100
54026542000162
54073265000149
54079517000147
54081694000168
54091212000150
54096881000115
54099905000190
54108558000114
54109591000169
54128393000142
54138762000188
54143630000144
54146290000105
54147264000100
54150687000170
54155716000197
54179851000172
54196261000158
54205019000101
54225931000117
54231053000142
54257853000132
54306467000193
54338786000180
54338810000181
54342336000161
54348799000130
54378227000102
54402967000129
54432769000108
54455467000155
54461996000161
54485536000173
54493555000141
54499179000100
54502553000171
54503331000173
54533263000195
54564461000116
54573177000106
54575387000133
54581016000164
54596125000155
54599382000140
54615707000131
54617768000138
54635763000138
54683165000134
54712756000192
54733804000129
54739452000119
54743355000108
54763422000148
54768199000121
54776888000188
54805662000168
54826132000104
54828128000177
54838682000135
54844537000167
54862168000135
54878768000191
54888635000104
54897021000180
54923094000108
54994531000176
55007242000107
55011637000175
55076342000187
55089252000120
55097215000164
55098424000122
55104344000132
55123278000148
55196434000109
55200622000155
55231239000164
55256094000156
55270408000175
55276317000147
55303586000155
55345510000192
55361516000153
55404900000196
55418981000183
55429029000185
55478089000198
55480356000161
55490110000170
55497073000122
55504485000142
55525070000155
55541107000139
55549020000108
55551106000175
55558483000136
55567575000182
55576012000150
55581430000136
55588086000107
55598453000153
55601973000178
55619918000105
55622890000165
55636812000110
55647212000157
55657212000138
55670177000197
55670709000196
55672751000146
55672813000110
55673470000108
55682143000112
55683893000109
55693435000150
55694009000131
55699785000124
55700953000154
55708892000171
55725072000198
55729483000151
55737097000101
55742538000163
55747743000111
55748871000180
55749574000159
55757122000119
55766245000116
55788264000143
55793634000130
55797437000190
55812644000176
55815931000130
55847428000166
55847463000185
55848888000109
55848989000180
55852484000199
55852577000113
55862675000131
55865339000142
55888881000110
55892929000164
55911154000127
55911271000190
55915534000130
55963792000191
55964107000141
55965480000117
55976327000195
55994839000184
56008926000188
56025957000147
56030461000161
56056632000121
56062519000159
56081679000145
56085272000196
56092321000118
56119844000100
56122193000108
56129462000168
56136348000165
56219427000130
56219576000107
56222082000173
56223469000144
56237047000128
56250896000111
56300632000125
56301924000182
56305516000107
56305818000177
56342656000147
56344086000124
56355768000132
56414191000192
56415390000115
56419108000178
56421056000174
56421926000105
56426900000150
56441031000132
56480124000176
56481727000192
56526356000118
56544892000146
56545096000128
56545281000112
56604639000130
56604938000175
56605323000163
56606658000104
56606860000128
56685865000193
56689140000173
56746400000103
56777712000176
56876852000100
56889416000167
56913659000193
56921175000196
56925934000199
56949187000129
56962002000116
56964773000142
56979382000100
56991941000199
56992402000174
56999521000159
57004413000161
57004474000129
57005554000107
57012732000119
57018089000130
57019105000100
57022663000124
57023629000174
57027422000178
57027652000137
57028412000157
57030430000173
57032772000122
57033058000159
57035462000161
57035938000164
57042899000122
57044309000109
57045223000192
57048224000190
57048412000119
57050077000193
57054211000124
57061330000104
57061471000127
57062540000117
57063850000156
57082913000111
57086531000166
57088933000108
57102666000178
57102955000177
57105633000181
57107329000173
57111658000198
57119223000190
57124177000117
57134848000120
57142427000141
57143234000105
57144318000163
57150108000188
57163520000132
57164372000170
57164418000151
57171612000164
57172326000113
57185310000145
57201878000102
57211378000151
57212652000107
57225429000102
57244756000101
57248674000127
57268318000175
57272931000166
57274072000144
57281366000101
57312053000165
57316062000124
57331815000170
57336933000171
57344462000143
57389194000186
57396268000101
57426731000110
57435824000101
57437229000105
57441301000178
57455523000140
57462322000170
57470880000187
57518478000125
57526446000171
57539144000138
57546757000100
57558837000178
57581444000185
57607941000105
57609493000189
57609581000180
57618292000148
57620657000179
57625450000197
57627318000114
57628520000160
57635969000156
57643536000142
57650263000163
57660468000120
57660715000198
57661466000155
57674120000191
57678477000148
57682649000157
57694854000132
57705607000194
57706645000161
57725135000131
57741888000130
57743084000170
57743249000104
57747931000175
57749736000184
57749767000135
57752167000126
57765213000121
57787589000137
57815134000188
57819607000115
57823762000105
57841180000151
57846956000126
57859537000129
57861673000153
57865213000101
57871025000188
57875132000184
57875496000164
57914375000184
57940302000167
57951695000104
57953631000142
57954767000177
57972392000178
57972922000188
57990200000156
57993124000132
58004180000160
58004308000195
58005139000108
58009290000114
58009350000107
58010289000100
58025687000108
58045348000185
58069539000187
58080864000140
58121507000183
58128993000161
58136435000148
58151900000110
58174073000180
58187900000170
58200005000148
58209045000150
58209048000194
58213782000127
58214953000132
58218899000101
58221239000171
58232855000128
58247508000179
58263507000118
58272871000144
58281183000140
58282752000172
58289354000188
58290162000191
58302197000101
58302504000146
58303083000178
58320027000141
58328520000108
58331330000140
58335856000106
58346378000121
58346851000170
58356729000185
58367999000191
58369001000198
58369016000156
58370970000169
58377699000193
58393796000170
58403715000175
58403944000190
58407223000158
58411961000179
58414884000100
58455203000152
58455455000181
58457713000169
58476448000166
58478200000134
58485113000104
58485216000174
58491875000113
58498936000174
58505655000100
58520981000188
58521177000113
58545424000111
58546386000111
58562136000175
58568799000105
58609533000155
58647609000137
58658679000190
58668911000171
58674361000101
58686865000133
58697888000143
58718620000140
58723294000160
58727122000164
58735822000109
58738327000145
58746948000170
58754881000116
58757395000151
58804000000124
58806802000173
58822673000107
58824029000178
58844881000107
58859977000149
58892093000196
58914686000106
58925521000130
58928059000124
58936537000148
58939756000180
58965425000115
58971230000188
58973791000116
58974902000109
58977866000137
58998376000117
59001007000170
59023300000139
59040826000127
59050271000102
59060093000192
59075885000130
59087265000111
59087498000114
59089964000109
59111538000116
59150493000199
59151369000148
59170245000100
59174271000106
59178283000109
59210142000126
59244404000173
59246481000162
59313433000140
59314766000193
59355914000118
59400120000129
59409154000184
59423782000114
59432944000180
59447384000138
59454782000181
59455950000153
59466049000187
59467111000155
59475413000175
59477733000164
59503997000145
59510847000169
59537144000124
59543618000140
59551988000120
59568910000118
59573015000191
59585161000137
59605320000118
59623518000124
59642828000196
59662616000170
59670271000105
59678749000135
59684328000117
59689396000179
59695108000199
59728453000181
59757985000147
59782126000108
59808866000176
59842840000144
59846173000178
59850731000179
59851565000125
59865920000115
59879527000180
59887241000147
59937857000185
59961355000190
59971360000183
59974407000162
60010420000180
60018815000120
60031231000194
60041122000158
60077213000143
60116641000138
60127686000108
60130001000182
60144404000180
60145631000120
60185052000101
60243163000127
60289480000184
60309378000101
60335636000116
60336082000171
60343816000140
60360131000101
60366475000128
60392471000114
60413803000108
60427115000199
60431555000110
60437441000187
60446103000101
60447437000108
60453840000131
60473424000103
60473935000117
60486335000193
60487999000177
60508961000133
60527764000161
60542942000123
60546761000175
60569996000182
60585264000186
60587570000151
60600420000130
60612271000120
60638990000110
60643771000129
60647356000143
60691439000130
60696004000188
60696386000140
60716837000163
60801711000197
60816235000188
60819282000185
60827704000164
60839522000103
60846897000109
60849631000101
60854311000140
60857479000109
60858394000145
60918132000129
60927835000113
60948162000188
60949372000190
60956445000171
60957074000142
60962213000126
60984962000154
60996716000112
61008590000193
61011882000185
61012723000103
61019302000104
61060328000198
61070120000150
61126783000149
61127963000145
61145605000165
61169211000147
61177302000124
61202125000199
61253098000183
61260593000110
61263157000102
61282796000107
61286588000186
61294395000177
61297523000136
61302012000165
61321125000108
61328410000150
61340247000141
61341974000123
61350643000150
61371814000127
61382698000141
61387330000176
61393004000171
61403793000184
61411623000141
61414857000142
61416530000100
61422096000170
61433566000100
61438488000128
61440885000134
61449373000139
61451020000173
61462269000184
61463026000160
61480271000186
61517962000107
61538770000187
61549321000134
61571539000195
61578505000122
61594229000196
61597003000149
61601202000183
61602907000115
61605728000131
61630517000159
61646033000106
61658135000133
61660310000127
61668405000197
61685331000105
61708282000170
68803865000120
68828391000170
72069636000109
72080658000161
72199508000171
72237878000156
72473275000153
72500192000106
72536501000106
73218349000178
73235137000107
73276461000165
73578825000161
73638470000159
73654741000160
73668758000176
73717647000102
73750663000105
73887929000158
74141011000128
74779356000101
74909839000183
86794534000152
86854684000104
86889854000196
87010294000110
87251906000167
87278305000148
87299871000136
87371845000171
87563888000159
87569992000150
87594016000158
87596664000143
87598397000143
87598405000151
87599155000174
87607263000141
87615225000130
87633046000126
87662789000124
87669578000113
87710513000174
87710927000101
87712725000190
87736575000155
87793089000179
87802278000160
87836425000113
87864377000177
87900486000100
87976387000102
87990958000155
88197330000160
88305412000180
88416482000106
88427992000189
88434196000173
88434808000128
88437439000127
88445010000181
88445077000116
88445135000101
88445267000133
88446034000155
88446067000103
88446760000178
88446778000170
88446869000105
88452644000161
88455589000163
88456637000138
88458047000144
88478409000169
88496849000149
88502760000148
88509708000113
88509989000104
88528534000136
88531629000109
88536842000103
88556709000119
88557319000163
88563283000120
88598081000114
88644877000166
88659974000122
88690243000140
88690466000107
88690904000137
88698428000109
88709621000190
88793500000179
88904586000160
88909817000128
88910252000107
88957659000181
88958673000108
88960208000101
88961974000182
88988258000199
88992078000180
89030506000157
89065833000144
89107981000184
89292072000163
89311732000106
89317697000132
89319065000108
89336333000108
89350300000104
89422042000124
89422331000123
89422836000198
89423040000150
89425888000118
89426415000135
89432702000158
89437271000112
89458418000150
89484372000144
89620660000189
89622401000197
89660757000115
89661250000186
89675979000101
89679476000104
89732986000106
89753685000150
89753818000199
89753826000135
89762249000148
89763064000158
89786552000180
89786842000124
89827166000190
89827653000152
89856512000168
89892467000105
89895510000188
89896385000120
89912463000133
89943849000102
89984934000119
90001710000129
90003930000191
90017419000149
90033614000162
90037870000128
90047150000143
90110024000196
90123845000167
90128018000166
90134115000161
90136409000122
90149055000150
90154063000195
90154089000133
90154162000177
90154204000170
90154337000146
90154931000137
90155839000191
90157108000185
90158825000121
90169061000170
90179383000108
90180324000141
90185042000137
90247875000185
90277625000198
90284316000145
90310442000127
90312752000180
90344219000109
90368580000167
90386079000123
90390865000102
90393687000165
90394107000154
90399312000102
90427394000151
90472408000159
90481698000105
90482829000160
90511643000192
90511650000194
90586736000186
90589169000111
90589540000145
90608084000133
90619255000120
90657198000173
90659210000189
90724261000147
90778234000157
90785080000120
90840042000123
90842790000145
90894064000176
91003814000135
91057869000128
91058222000110
91058768000171
91059105000171
91080010000130
91086991000122
91116574000185
91142828000130
91160804000103
91192294000156
91232843000179
91256479000187
91268854000109
91302091000175
91302141000114
91302331000131
91302349000133
91305730000156
91316687000124
91335208000117
91395137000148
91404251000197
91407692000142
91413294000139
91428938000162
91458133000161
91459180000120
91519595000141
91540575000152
91612317000134
91612606000133
91615260000127
91637082000135
91738161000132
91748483000162
91759324000163
91760736000113
91787176000190
91794982000196
91799502000180
91805705000131
91830836000179
91853234000137
91929497000182
91945055000120
91946459000138
91957399000159
91967067000155
91973313000181
92007459000135
92012467000170
92012764000115
92016757000191
92017110000184
92021005000119
92023779000189
92024322000199
92065176000140
92090067000182
92111178000128
92117431000150
92184803000161
92244631000174
92263656000115
92269950000134
92321595000103
92330257000120
92332691000149
92375864000106
92381839000135
92399583000193
92412782000194
92470202000115
92523554000191
92535863000181
92544196000101
92553486000103
92554914000112
92559343000109
92563881000177
92570480000144
92572767000103
92576644000140
92577550000196
92647023000100
92686658000117
92728286000144
92772946000194
92937614000112
92978519000167
93036499000178
93041853000152
93070746000152
93071264000117
93099323000165
93139699000156
93141349000124
93185460000112
93186997000105
93210698000150
93227114000150
93238285000184
93256675000187
93259273000136
93261980000167
93351807000150
93357119000105
93365724000110
93365765000106
93387884000160
93411155000100
93433282000100
93455715000110
93507267000150
93515666000163
93530715000137
93561215000162
93616688000110
93635159000163
93637247000102
93697134000194
93767192000147
93801330000167
93804995000124
93805067000184
93821403000182
93839488000126
93884096000189
93894954000176
93918365000180
93956530000199
93976017000160
94006210000130
94042090000127
94070190000167
94073004000143
94079498000173
94079555000114
94086055000100
94089398000128
94099462000151
94121894000111
94150562000165
94167392000121
94170172000157
94201324000131
94211109000111
94217379000130
94220316000132
94229051000133
94262482000100
94296563000112
94326949000120
94353950000143
94385523000147
94401395000188
94458312000197
94466430000147
94481900000141
94488624000143
94489226000141
94509304000122
94524964000182
94533874000158
94544665000100
94569621000134
94579596000170
94605342000189
94626934000187
94693363000101
94698537000110
94736147000198
94786456000172
94789054000121
94809696000145
94812427000138
94820206000101
94821139000140
94921301000100
94921335000196
94929007000136
95017679000138
95019444000185
95036919000141
95042750000132
95065553000139
95084331000163
95156584000103
95188009000184
95257945000108
95323994000193
95325288000180
97020978000157
97038160000161
97039291000163
97076202000159
97103162000197
97116818000106
97235782000180
97291462000147
97318943000107
97319263000108
97321822000106
97322325000122
97322853000181
97324461000151
97495550000160
97498919000199
97552128000108
97578090000134
97580260000115
97581359000131
97662118000117
